KMeans Run-Time: 21.2986487363s
Cost: 26.085803493075986
[40.753200788982575,-73.98282601176456]
[40.64578085050925,-73.78112620870124]
[40.784293027787164,-73.95356040325315]
[40.700886791332636,-73.93242051053726]
[40.693918860218936,-73.99503638388715]
[40.78856666666666,-73.09382857142857]
[40.77155370868666,-73.8678642695666]
[40.7222813806637,-73.9826582387577]
[40.722168797771104,-74.0093865990427]
[40.431532000000004,-74.27010800000001]
[40.69440834918633,-74.17820042274384]
[41.09327906976745,-73.45861627906976]
[40.74569422719834,-73.9892577955332]
[40.70693786931184,-74.00873016624152]
[40.637333056872066,-74.02275462085308]
[40.92472773722626,-74.07574598540148]
[40.77029462365593,-73.7185258064516]
[40.668959024390254,-73.90230878048781]
[40.858745052083336,-73.92692569444445]
[40.762087011014046,-73.92474230915305]
[40.650731578947365,-74.37327631578948]
[40.69107301587301,-73.53554603174602]
[41.03016934306569,-73.6229510948905]
[40.67766864876381,-73.964423998295]
[40.77637522707619,-73.97881790657458]
[40.48040547945206,-74.44930136986302]
[40.59246785714285,-74.64645714285716]
[40.760454885158204,-73.98403452738546]
[40.88377647058823,-73.84486035805628]
[40.60511876892029,-73.96535903128152]
[40.72262255244754,-74.07071765734264]
[40.768667626800394,-73.95550841856229]
[40.861099504541706,-73.88448422791082]
[41.14039090909091,-73.38491515151516]
[40.843144430538175,-73.94400100125152]
[40.615758571428586,-74.08701785714285]
[40.73587364864866,-73.61550653153155]
[41.00903428571429,-74.13818142857141]
[40.76767718669488,-73.9904907492445]
[40.755722790820265,-73.99899973621748]
[40.591115206185556,-73.9383456185567]
[40.71962221460398,-73.95881902639668]
[40.97084010989011,-73.76718791208792]
[40.33131578947368,-74.64475263157895]
[40.9516,-72.27013333333332]
[40.72884394904458,-73.81571825902334]
[40.7532449168207,-74.02913280961188]
[40.62627225705331,-73.92058918495299]
[40.73250185840298,-74.00104258289721]
[40.771828101761386,-73.8861298238744]
[40.81893333333334,-73.4866277777778]
[40.220652173913045,-74.05339999999998]
[40.73825793995496,-73.97938465823269]
[40.6644733985765,-73.98744905100835]
[40.79656378737543,-73.972534994463]
[40.71414348948747,-73.98993085577278]
[40.61963731170338,-74.028168829664]
[40.71037791485247,-73.94172447992256]
[40.729413316503745,-73.97888426422617]
[40.568099999999994,-74.30282298850575]
[40.83349574468085,-74.15807553191488]
[40.77623053769574,-73.96023108539275]
[40.720898179927524,-73.99046025885458]
[40.746395022624434,-74.25906380090501]
[40.865767713004495,-74.04631704035879]
[40.650580984556015,-74.0042555984556]
[40.72840354166671,-73.85732197916671]
[40.76336289448496,-73.97801400621586]
[40.66991436077057,-73.9367998248686]
[40.78287952755906,-74.0132627296588]
[40.756894562137305,-73.97626823640469]
[40.748509458199955,-74.00490130529367]
[41.05209533678758,-73.5435699481865]
[42.1166,-72.0666]
[40.65647683150178,-73.95571510989011]
[40.69071665080868,-73.95505796860142]
[40.98957363636363,-73.8912472727273]
[40.76863069454414,-73.96475306448887]
[40.67643663089139,-74.01296103593093]
[40.75548009160905,-73.97052594324084]
[40.80276605504588,-74.39912477064219]
[40.64924,-73.6353702857143]
[40.764294864479325,-73.82858473609134]
[41.155750000000005,-73.24235000000002]
[40.669697544338334,-73.7942609822647]
[40.665961371841135,-73.83402924187727]
[40.66979083333333,-74.26019750000002]
[40.93705681063122,-73.83951063122923]
[40.761551814328335,-73.9963905303423]
[40.73583535528596,-73.90114627383015]
[40.75034052217713,-73.99346009309245]
[40.73106286028008,-73.95572190502327]
[40.713087156087006,-74.01470563104205]
[40.725092957486765,-74.00432067467707]
[40.71233936459921,-73.96391916792746]
[40.813568461538466,-74.47350846153847]
[40.72012351916375,-74.03549616724736]
[40.89139179986103,-73.90347894371095]
[40.73996039636123,-74.03448284600375]
[40.71471676300578,-73.83806011560694]
[40.723200000000006,-73.28080740740741]
[40.75626777151599,-73.98939622218003]
[40.69901979648472,-73.90599685476415]
[40.712677105395684,-73.95266715414354]
[40.68725553055867,-73.93989445069364]
[41.066678231292514,-73.8432231292517]
[40.77596780971128,-73.94887507553965]
[40.61407024390243,-73.73235219512198]
[40.7407277169934,-74.00624604376549]
[40.70242123393286,-73.98823542416449]
[40.82663505154637,-74.09742010309282]
[40.68703966505047,-74.18321317761152]
[40.755049019607846,-73.84747241830067]
[40.754184496124026,-73.42416434108529]
[40.76861231338068,-73.98278615878381]
[40.64341416122008,-73.891020043573]
[40.68446273291925,-74.10139937888198]
[40.787026560983385,-73.97489751968078]
[40.74509474948863,-73.98343873210595]
[40.81487548076923,-74.23045]
[40.78991971247565,-73.96783104288497]
[41.24173333333333,-73.73998]
[40.7100029177719,-73.74421379310346]
[41.03226777251186,-73.77066540284362]
[40.758544357976646,-73.76363618677047]
[40.745856998607266,-73.95409021587734]
[40.59463538461539,-74.15948923076922]
[40.79848695652172,-73.67606211180123]
[40.74743938172044,-73.88304744623659]
[40.684057438176175,-73.9761501931993]
[40.70545647255972,-73.92181022203599]
[40.730068188076324,-73.98662970535588]
[40.72298090452262,-73.68591457286436]
[40.99915218855218,-73.69602525252526]
[40.80532461340206,-73.9476368556699]
[40.742128977433495,-73.99422185346]
[40.90184629629628,-73.96723666666666]
[41.3074,-72.9456111111111]
[40.737984186746985,-74.16706280120479]
[40.67454737000302,-73.95270270513969]
[40.74864731514483,-73.97559714643776]
[41.2932,-74.09022]
[40.732715200848354,-74.00703584705502]
[40.63290663551402,-73.96548897196269]
[40.826194117647056,-73.18186470588235]
[40.71497085561496,-73.87909251336897]
[40.722763919016614,-74.04632328271883]
[40.67179530085961,-73.97606719197717]
[40.696574124513624,-73.81214961089493]
[40.72447434437575,-73.9980487836439]
[40.77630095776406,-73.98780141309514]
[40.67254138655463,-73.87371680672271]
[40.9171606557377,-74.24117540983606]
[40.8064980864635,-73.96242567918745]
[41.51893333333334,-72.81516666666666]
[40.770590467289715,-73.91200532710282]
[40.76248157980237,-73.97159811900188]
[40.68583831291235,-73.92076550424132]
[40.630073936170255,-73.9464007978723]
[40.88043333333333,-72.68103333333332]
[40.815933333333334,-73.27580476190475]
[40.82486413043478,-73.61549891304348]
[40.67610910765987,-73.98578088970788]
[40.719358057950814,-73.99989650259775]
[40.743201960784354,-73.92053119429599]
[40.71950171073094,-73.78888118195957]
[40.72307699506112,-73.94576082661807]
[40.82737580340264,-73.91838468809075]
[40.79613314580402,-73.92964561650261]
[40.71611901867842,-74.0074417563422]
[40.93684000000001,-73.03176]
[40.58101239495801,-73.97618445378153]
[40.64911380753142,-73.97573916317988]
[40.739256173857704,-73.999970101523]
[40.51036666666667,-74.36472820512822]
[40.77596234177216,-73.7977594936709]
[40.60902499999999,-74.53556785714285]
[40.73356975762916,-73.99336062368137]
[40.74839486798066,-73.93955749349203]
[41.072011926605505,-73.69777155963307]
[40.759931189660506,-73.96337646371832]
[40.64437186858283,-73.78953751833396]
[40.690369944768214,-73.98605862227654]
[40.61197779960706,-73.99810451866406]
[40.7385516949153,-73.98834610335612]
[40.69219358896307,-73.96845242442686]
[41.03316153846154,-74.05099846153846]
[40.77238188405796,-73.5303355072464]
[40.870035714285706,-73.41507142857144]
[40.8213656236786,-73.94539255813952]
[40.72831276595745,-74.3503026595745]
[40.78921593406592,-74.05685082417583]
[40.914929761904766,-73.77967202380951]
[40.682266164356086,-73.99758848704049]
[40.726691197387474,-73.99277211715706]
[40.6896726153846,-73.85087415384615]
[40.83831400966182,-73.84391433172304]
[40.782714544992956,-73.9803091509074]
[40.67105423728813,-73.73641830508474]
[40.65548598726112,-73.92215197452231]
