KMeans Run-Time: 13.7189768141s
Cost: 25.756733410386204
[40.68535366384525,-73.96109194679572]
[40.76131591475358,-73.98624180983637]
[40.67107013333333,-73.83931226666665]
[40.7468245,-74.3547075]
[40.85503742911152,-73.93273969754254]
[40.837263917525775,-73.46103917525772]
[40.773425056604836,-73.87550201886776]
[40.786381740064265,-73.97511555930673]
[40.719667247181214,-74.00730944351982]
[40.626443837209294,-73.92220790697678]
[40.69210975609779,-74.17967566714536]
[40.644863127163575,-73.78223040657562]
[41.00631572580645,-73.69369153225811]
[40.78847436823106,-73.71923176895308]
[40.62508475052705,-73.95682438510194]
[40.76424659023744,-73.97792464247755]
[40.775889470020985,-73.94715374366129]
[40.71990659545391,-73.95756596696033]
[40.89455,-72.7338]
[40.75154700588616,-73.977276477247]
[40.76855665745858,-73.91621621546973]
[40.72052667378456,-73.99969282441396]
[40.681054374193664,-73.99806098064528]
[41.3074,-72.9456111111111]
[40.937598206278025,-73.83193183856501]
[40.821523381770085,-73.94577926023773]
[40.81450247524751,-74.1213183168317]
[40.84078390804596,-73.8464022988506]
[40.74208366649803,-74.00602612810745]
[41.51893333333334,-72.81516666666666]
[40.43355862068966,-74.28175172413795]
[40.85390533807827,-73.98064483985763]
[40.74896526650193,-73.93903106247795]
[40.716547540983605,-73.5861524590164]
[40.676407200379074,-74.01308209379442]
[40.77092756793238,-73.99065147427258]
[40.73614956581853,-74.00720433551405]
[40.9516,-72.27013333333332]
[40.725134690016525,-73.99423936392874]
[40.74309192921662,-73.99423738710311]
[40.768549875080986,-73.95441064125069]
[40.71806174298373,-73.79054357459377]
[40.75039117647058,-73.42727941176472]
[40.58951310452418,-73.95095881435262]
[41.05261010101012,-73.54237373737372]
[40.67645516262262,-73.98439896747561]
[40.64613359905539,-73.7767589607339]
[40.85745123762378,-73.88300111386138]
[41.06464682539683,-73.83945079365081]
[41.10562040816326,-73.44675510204081]
[40.69080397503281,-73.93267362023666]
[40.713477027027,-73.89512837837837]
[40.693277695256164,-73.96862043603257]
[40.50144842105264,-74.44599789473685]
[40.90602324561403,-73.96439824561403]
[40.858301652892564,-74.16420330578511]
[40.73823049327354,-74.16748101644241]
[40.70453222189431,-73.9233285334907]
[40.70203199999999,-74.55406800000002]
[40.72403230119638,-73.85445425756511]
[40.758075172516115,-73.99162341767496]
[40.764540000000004,-73.27573199999999]
[40.69831686967104,-73.99410167478692]
[40.96597614678898,-73.72328165137617]
[40.811729696969685,-73.63949575757576]
[40.654948698532856,-73.95514363464271]
[40.75953095370008,-73.96882864265939]
[40.66668515625,-74.24138906249999]
[40.66506163873373,-73.93307113594034]
[40.88333737373739,-73.7989484848485]
[40.69011383526374,-73.99516332046339]
[40.64159030764149,-73.78908637115427]
[40.64850000000014,-73.782977999262]
[40.76094243195694,-73.98063326059308]
[40.59018888888889,-73.67485925925924]
[40.76241372351545,-73.97283073211706]
[40.74532297251608,-73.98878630885393]
[40.75852802450229,-73.82484425727415]
[40.84019420880915,-73.94177895595428]
[40.70366350934481,-73.98695329341311]
[40.73986508202206,-74.03378985604274]
[40.71499336283185,-74.07594535398226]
[40.98269173553719,-73.78796280991737]
[40.75734031260071,-73.97495127865798]
[40.220652173913045,-74.05339999999998]
[40.76843912747148,-73.86233290161273]
[40.689671257485045,-73.70861676646707]
[40.79426578840706,-73.97043050939062]
[40.823986010362724,-73.89192227979272]
[40.712164880740296,-73.95078422926285]
[40.79279777158774,-74.05730417827297]
[40.64359901685396,-73.97338047752807]
[40.67655505804313,-73.87218059701492]
[40.90742122905027,-73.86111508379888]
[40.73306644924624,-74.00192804728903]
[40.82802639751553,-73.92376902173915]
[40.72002548611098,-73.98298856944443]
[40.672648243430125,-73.95873172890718]
[40.623128571428595,-74.02653845126834]
[40.76616759044648,-73.96118313010155]
[40.328563333333335,-74.63451166666667]
[40.805514179487155,-73.94738023076906]
[40.85084249999999,-74.4354675]
[40.69069932775851,-73.98569170355778]
[40.72597169412776,-74.00089631037898]
[40.707160435707046,-74.00933650371995]
[40.70776424844726,-73.93847624844716]
[40.68838649025069,-73.91463783658315]
[42.1166,-72.0666]
[40.72013823529409,-74.03542158823527]
[40.776536546529435,-73.95447233028213]
[40.75331255304335,-73.9870694850849]
[40.76605390328788,-73.9682195357832]
[40.5981233419466,-73.97969362618433]
[41.020559722222224,-73.8926763888889]
[40.75417656641604,-73.84812192982457]
[40.92703014705882,-73.77077647058822]
[40.89217879537956,-73.90364735973604]
[40.67147930607187,-73.79676914498144]
[40.734307934386486,-73.97838995139712]
[40.87843018867924,-73.88279559748432]
[40.738283545064085,-73.99027477710526]
[40.604995172413794,-74.12161724137933]
[40.6668352,-74.1016872]
[40.64672384057973,-74.00813304347824]
[41.09531538461539,-74.14267692307692]
[40.66275852478839,-73.90798004836763]
[40.79619079320113,-73.92943847969786]
[40.6432153846154,-73.57722615384617]
[40.73367170447044,-73.99528271463814]
[40.61677512953368,-73.73570155440416]
[40.74421524663677,-74.26040448430496]
[40.722323208448586,-73.94501747548401]
[40.745677714825334,-73.88834249291783]
[40.74474749597673,-73.97552479409302]
[40.666039830508474,-74.35357796610168]
[40.97342666666667,-74.13541166666667]
[40.72710876148097,-73.98146273679674]
[40.66067107438017,-73.64924462809918]
[40.77845115841596,-73.95995593069324]
[40.918183333333324,-74.24903518518516]
[40.73845352798051,-74.05893163017032]
[40.92101838235294,-74.06525441176473]
[40.74921897654593,-74.00458256472733]
[40.7145450851522,-74.01293328951849]
[40.79165433333332,-73.82218533333335]
[41.193353333333334,-73.83466]
[40.764109511568115,-73.77375706940873]
[40.819662500000014,-73.12289750000001]
[40.75079287734423,-73.99362667330003]
[40.71327335423199,-73.75030501567399]
[40.703322236340554,-73.82460076238888]
[40.69342893858473,-73.95042536715627]
[40.74672857142858,-73.70392142857139]
[40.75527436867458,-73.9822225361111]
[40.86058341232229,-74.06425497630335]
[40.77282778003536,-73.9630675132062]
[40.64423244353187,-73.89010862422997]
[40.71327777016989,-73.96327452927098]
[40.80614454965359,-73.96243140877608]
[40.730836063309916,-73.9890169959634]
[40.68482899481866,-73.97604076683925]
[41.1410652173913,-73.36341739130435]
[41.15630967741936,-73.24023548387098]
[41.0303546875,-74.0520515625]
[40.769259276319914,-73.98269288337038]
[40.7288134715026,-73.6450409326425]
[40.866475809199315,-73.91304224872236]
[41.07298113207546,-73.69805188679247]
[40.739978274020245,-73.98436929660888]
[40.55745462962962,-74.30862222222223]
[40.74882007874019,-73.92119975393696]
[40.87653155737705,-73.84207909836068]
[40.67266294964029,-73.7482773381295]
[40.78527407208177,-73.95291185583622]
[41.26893333333333,-73.69927777777777]
[40.72169131105426,-73.98883223650354]
[40.64659406417095,-73.78997160427761]
[40.786192920353976,-74.45622654867256]
[40.7400004518593,-73.99989075425785]
[40.78586615384615,-74.01050615384615]
[40.770512116209495,-73.86572439749146]
[40.729179064039386,-73.81513103448275]
[40.716295748988,-73.99308881016673]
[40.74713640550327,-73.98300450175589]
[40.75329689886964,-73.9707439123135]
[40.73109072503427,-73.95558112175098]
[40.75369976990335,-74.02903861021636]
[40.75834115800051,-73.9627562923888]
[41.03016934306569,-73.6229510948905]
[40.81420485436892,-74.23027038834951]
[40.57942121212121,-74.6259272727273]
[40.77491538461538,-73.52669349112428]
[40.72760122821903,-74.00715864593406]
[41.03340653266333,-73.76901959798998]
[40.666051878497186,-73.99132685851319]
[40.678162098198555,-73.94567968915578]
[40.67557088112607,-73.97170573514056]
[40.74588037865752,-73.95399731497407]
[40.953572549019604,-73.88673039215689]
[40.759540433507,-73.9984747962841]
[40.74769078341014,-73.60910414746544]
[40.72199407744874,-74.04571450265765]
[40.77868349496098,-73.98059678646128]
[40.66505517598347,-73.98037801932377]