KMeans Run-Time: 29.6704951924s
Cost: 16.425602882989615
[40.6810453865337,-73.99957677680806]
[40.644864872155445,-73.78223002481515]
[40.769851325331366,-73.96010675168787]
[40.73693022177326,-74.00786641128944]
[41.00396923076923,-73.66657582417581]
[40.773876542307605,-73.87241478907617]
[40.71794342134447,-73.96242835589102]
[40.752394974406705,-74.02928338762217]
[40.7191768049155,-73.79036743471579]
[40.67674726832639,-73.98283540802215]
[40.787888111888115,-73.50447832167833]
[40.71847070144583,-73.99951038491629]
[40.727028455284554,-74.36593658536586]
[40.691819663742926,-74.17954788011744]
[40.92603913043478,-74.24566956521738]
[40.75397733494667,-73.98705529758764]
[40.750436139780525,-73.97445310849301]
[40.721181647149024,-74.00367030140234]
[40.667000538599645,-73.93189057450627]
[40.339296226415094,-74.64929811320756]
[40.811744915254245,-74.14735]
[41.3074,-72.9456111111111]
[40.76518703821112,-73.96940400348869]
[40.741198882201246,-73.92702820292351]
[40.90578108108108,-73.78746756756757]
[40.937684126984124,-73.95077460317458]
[40.6368888888889,-73.5917462962963]
[40.72733956719022,-74.0012017521814]
[40.6731421373556,-73.95968215661094]
[40.590346371463696,-73.97213886838873]
[40.72718389830508,-73.6731906779661]
[40.79738949096878,-73.9713263382594]
[40.789574999999985,-73.82867754237289]
[40.6929421422662,-73.99545332919774]
[40.68660182094083,-73.95621851289832]
[40.720704341833134,-74.03967425913169]
[40.85202313278008,-73.93459834024895]
[40.94437983193277,-73.75181260504202]
[40.73031399176955,-73.72486008230452]
[41.03270520833335,-73.76919947916669]
[40.92849759036145,-73.8881939759036]
[40.784054049079856,-73.97922670245393]
[40.670297520661144,-73.74692148760332]
[40.6445995531721,-73.78944027405434]
[40.92259047619047,-74.08139404761904]
[40.577124999999995,-74.62498214285715]
[40.85192441860465,-73.97074069767442]
[40.74292559177336,-73.99848310050439]
[40.62639620462049,-73.94517722772275]
[40.69082307839008,-73.98551945451061]
[40.683422247882994,-73.91489230177055]
[40.826922119815684,-73.86200138248846]
[40.760186166007884,-73.92544110671932]
[40.70638595481122,-74.01372435662574]
[40.17738235294117,-74.04608823529412]
[40.616499999999995,-73.73550053763442]
[40.61644563986411,-73.96561313703285]
[40.81502844480257,-73.95880185334411]
[40.894566820276474,-73.90205380184327]
[40.79055172413793,-73.11797931034484]
[40.67244622641508,-74.10704150943394]
[40.797023682361164,-73.9380172874209]
[40.75908664945043,-73.97387870398157]
[40.74987069786203,-74.00424090359051]
[40.9516,-72.27013333333332]
[40.75611950902267,-73.9996774833361]
[40.82428107167707,-73.9454911621433]
[40.775723711340206,-73.5719237113402]
[40.749631568549994,-73.94149265112597]
[40.73129275147925,-73.86630059171604]
[40.89175436893203,-73.95108834951455]
[40.821154166666666,-73.27402083333332]
[40.721246554493796,-74.00956781094096]
[42.1166,-72.0666]
[40.667449166666664,-74.23712583333332]
[40.7078615769712,-73.92129956195245]
[40.745379999999926,-73.98209925465869]
[40.43829090909091,-74.38660909090909]
[40.761317593193034,-73.98595702646269]
[40.76760314065032,-73.98328427977293]
[40.73792015515568,-73.98885666189621]
[40.775603938372186,-73.9622544990431]
[40.7331464361476,-74.0011327252158]
[41.087336111111114,-73.48034444444443]
[40.276266666666665,-74.43993333333333]
[40.6244426403642,-74.02776783004549]
[40.73741742424242,-74.26390530303031]
[40.73952960215776,-74.03402953472678]
[41.51893333333334,-72.81516666666666]
[40.870491489361704,-74.11998936170212]
[40.772992719107236,-73.94851653511137]
[40.89174320987653,-74.0445333333333]
[40.726394551934874,-74.00676953496301]
[40.72313609195401,-73.94225936781604]
[40.646429041095914,-73.97539123287669]
[40.65042416666667,-74.01127427083335]
[40.756746875,-74.21952187499998]
[40.89455,-72.7338]
[40.570716666666655,-74.30644047619049]
[40.225575,-74.58452499999999]
[40.7207596379127,-73.84584621938234]
[40.721385085155696,-73.99379571702035]
[40.707781586464826,-74.0072553834321]
[41.06017735849057,-74.09780377358489]
[40.64613090103415,-73.7767714623355]
[40.76383240229877,-73.96196888505735]
[40.705105081775734,-73.94174316588779]
[40.723200000000006,-73.28080740740741]
[40.69441290626472,-73.96524484220444]
[40.99679310344828,-73.8852827586207]
[40.73182291873968,-73.9563605638473]
[40.67639659635676,-74.01316831255991]
[40.72318523908522,-73.89700166320169]
[40.770447191600994,-73.96578165354343]
[40.75124816124543,-73.99352786421463]
[40.3517,-74.06125714285714]
[40.67590004221194,-73.94743414943012]
[40.75715082818301,-73.96416123609384]
[40.77115292498277,-73.91958196834136]
[40.7567827087601,-73.98283708278151]
[40.77989373208469,-73.94677211924312]
[40.70963177017318,-73.9496773553021]
[41.14917857142857,-73.25958928571428]
[40.701571965413876,-73.93154978383774]
[40.701917185385625,-73.98478768606198]
[40.71152894220296,-73.96482715376224]
[40.83936276497698,-73.94211576036857]
[40.72931287878787,-73.8152888888889]
[40.720472843025476,-73.95675095020906]
[40.789961176470584,-74.46672000000001]
[40.73802037647034,-74.00210006588222]
[40.740732916087254,-73.99259846347375]
[40.77696942148761,-73.7132220385675]
[40.67420194384449,-73.84461209503242]
[40.72642973441825,-73.99293905371428]
[40.75801572580645,-73.76183346774195]
[40.715477370855744,-73.99200807633017]
[40.97560000000001,-74.1362655737705]
[40.7016405904059,-73.75817712177118]
[40.77218825622777,-73.7932441281139]
[41.106633333333335,-73.60777777777777]
[40.75652425810742,-73.97705321808046]
[40.734443683588985,-73.97718514083297]
[40.60579931818183,-73.99831931818184]
[40.66111916666667,-73.649975]
[40.778007296695186,-73.97685064983283]
[40.758143551088764,-73.82689664991626]
[41.028505982905976,-73.62037435897436]
[40.82871748318927,-73.92542449567725]
[40.6715491289199,-73.8790926829268]
[40.86621611479029,-73.92322472406181]
[40.65067142857142,-74.41586]
[40.78628782051281,-74.06701474358975]
[40.78052044880783,-73.95800014025264]
[40.77181266077183,-73.88599811093209]
[40.85354496124031,-74.06547596899225]
[40.7014393442623,-73.8201299552907]
[40.59018888888889,-73.67485925925924]
[40.74881281045754,-73.9097092810457]
[41.055209433962254,-73.8535141509434]
[40.67131794736847,-73.98932147368414]
[40.69024961921502,-73.94167135325128]
[40.734191304347824,-74.31433260869564]
[40.65711400454201,-73.95911612414832]
[41.19012000000001,-73.16276]
[40.662228341497595,-73.99175423372988]
[40.71359465500476,-73.93965379008746]
[41.01671617647059,-73.71841323529412]
[40.791464200561116,-73.96722994389897]
[40.943101020408164,-73.81449081632654]
[40.614564285714266,-73.91867342857142]
[40.778357967332326,-73.95306341197796]
[40.7605339577222,-73.9694311366883]
[40.7385125,-73.62779431818181]
[40.670468974358975,-73.798508974359]
[40.8534544117647,-74.0097926470588]
[40.7677168057412,-73.99177840453974]
[40.802722857142854,-73.65356071428572]
[40.76193725283395,-73.9971105325601]
[40.72382743902439,-73.59390121951222]
[40.69947659574468,-73.51304680851064]
[40.76963876372077,-73.86428961101396]
[40.82462815884479,-73.89201119133578]
[40.67503678125951,-73.97203313051405]
[40.71291951219512,-73.4236024390244]
[40.69858507306888,-73.9059719206681]
[40.81854444444444,-74.27386666666666]
[40.59090473933651,-73.94524052132704]
[40.74107008781631,-74.00570346322701]
[40.712512734931906,-73.95746821127663]
[40.68354242873008,-73.96490636801174]
[41.13006666666667,-73.39727777777779]
[40.7459120688394,-73.99256935188569]
[40.790332214060946,-73.97587359216512]
[40.639356273764264,-73.92183897338406]
[40.763076221835256,-73.97949054047724]
[40.757922592622414,-73.99129359916077]
[41.10182040816326,-73.81205510204082]
[40.88605454545454,-73.133]
[40.722043498494365,-73.98288899534619]
[40.84341481481481,-73.76546666666667]
[40.81093637344847,-73.9413996222342]
[40.716084825493176,-73.94973334597894]
[40.71111538461538,-74.18695244755247]
[40.857129787234044,-73.43801276595745]
[40.80430510735201,-73.963717046194]
[40.71544369174583,-74.0142072931686]
[40.68284611683853,-73.93229979381445]
[40.72540113895218,-73.95011357630979]
[40.273399999999995,-74.31389999999999]
[40.846465555555554,-73.90999000000001]
[40.79549746835444,-74.38864303797467]
[40.77315675922288,-73.98154878112355]
[40.75187076974315,-73.98007536821052]
[40.77540465116279,-73.42282790697674]
[40.81675579710146,-74.21598115942028]
[40.81560270270269,-74.09126108108111]
[40.73209078767792,-73.9949608500685]
[40.71323615311909,-73.9842780718338]
[41.257625000000004,-73.72214166666666]
[40.88140328820115,-73.90857504835591]
[40.804385403133445,-73.95183400840651]
[40.636149152542345,-74.00039512711867]
[41.01438285714285,-74.02687714285715]
[40.712571944444456,-74.0780911111111]
[40.86064454022986,-73.85849051724138]
[40.68442299628008,-73.99169147784926]
[40.97494019607844,-73.69375980392157]
[40.69122872628722,-73.97187500000013]
[40.510385,-74.50938500000001]
[40.65790152526216,-73.94643336510957]
[40.77430136986269,-73.98931064125499]
[40.73293463729013,-73.98404685251793]
[40.87979815950921,-73.82908834355827]
[40.72769435546222,-73.98627463824151]
[40.69537307404637,-73.92270142109201]
[40.6604297507788,-73.91030809968848]
[40.75480773082732,-73.97125350528215]
[40.7453393366757,-73.95470161974544]
[40.4252875,-74.21033750000001]
[40.754252777777786,-73.84802032828287]
[40.72702253181526,-73.9793035498992]
[40.69137142857142,-74.53975238095238]
[40.499570270270276,-74.3168]
[40.85568461538461,-73.59478717948717]
[40.68400567981909,-73.97676549384255]
[41.2932,-74.09022]
[40.732550196850376,-74.05945334645668]
[40.64869878587211,-73.7829781824874]
[40.59159761904761,-73.81299761904762]
[40.643491489361715,-73.89081914893617]
[40.81099999999999,-74.5813]
[40.63885807909603,-73.96033288135595]
[40.78625345096819,-73.95338580574624]
[40.937301183431934,-73.8428526627219]
[40.73241151406028,-73.99023440500592]
[40.841382116788324,-73.83463868613138]
[40.76673973291443,-73.95442661429696]
[40.749105737776645,-73.9857104609464]
[40.72366955175245,-73.99795958163534]
[40.70419636363638,-73.86876363636362]
[40.59427575757576,-74.16055454545453]
[40.76329711102393,-73.97432503779201]
[40.860387179487184,-74.17800384615386]
[40.73726693679092,-74.16544116693677]
[40.891688775510204,-73.9852969387755]
[40.938891176470584,-74.01922352941176]
[40.9006205128205,-73.8577217948718]
[40.65766818181818,-74.32550909090908]
[40.6674,-74.711925]
[40.77016388415673,-73.90769778534921]
[40.884483333333336,-74.49564999999998]
[40.715576516854085,-74.00785734831379]
[40.78499510904085,-73.97152286682181]
[40.61500444444446,-74.08572074074075]
[40.66536921648723,-73.98029795766809]
[40.5026705882353,-74.434875]
[40.856323728813564,-74.43960169491527]
[40.77367013531797,-73.95601571041959]
[40.70167705927625,-73.99159073646403]
[40.748912769230785,-73.88578984615388]
[40.72077829011509,-73.98811582179727]
[41.049640659340675,-73.54387197802195]
[40.7441385858587,-73.97545034090925]
[40.74518938736129,-74.00695187650781]
[40.81219082840237,-73.9166828402367]
[40.85801078717203,-73.88658688046645]
[40.87892348993287,-73.88337080536913]
[40.73990604988524,-73.98381893684831]
[40.743967934249014,-73.98779097154093]
[40.68267226277373,-73.71037372262774]
[40.731867746193856,-74.00658816333699]
[40.779581774829005,-73.98372384408052]
[41.06869797979799,-73.70138989898993]
[40.79374999999999,-74.00336566666668]
[40.985908411214936,-73.7884]
[40.7369676241025,-73.99573825580232]
[40.695540777297936,-73.95228889574328]
[40.77836899038463,-74.0319673076923]
[40.79304139387534,-73.92466145723331]
