KMeans Run-Time: 28.5166614594s
Cost: 23.050924838362057
[40.7615554129221,-73.98554117611133]
[40.6457687557324,-73.78114902423042]
[40.720887516425734,-73.79215229960575]
[40.85892307692308,-74.44477538461538]
[40.94997913043479,-73.89998608695655]
[40.773876542307605,-73.87241478907617]
[40.72041303005372,-73.98658941951396]
[40.692040069184436,-74.17965802825067]
[40.800013041125524,-73.93762240259746]
[40.61142659380692,-73.99606539162117]
[40.78000479452056,-73.81645525114158]
[40.71206249999999,-73.89465771276592]
[40.671018234610905,-73.97664186991872]
[40.78795018726593,-73.72066441947565]
[40.63935,-74.7696]
[40.75247774674115,-74.02925903165739]
[40.71688126157752,-73.99316934776277]
[40.819662500000014,-73.12289750000001]
[41.12639818181818,-73.40958727272726]
[40.748738087627885,-74.00488493248822]
[40.77469694559341,-73.9544775692009]
[40.73409711758991,-74.0010873520192]
[40.732962367147906,-73.99336525622483]
[40.7620504752472,-73.99630375247534]
[40.75413228346456,-73.42360314960631]
[40.694546600365186,-73.99529328191599]
[40.755838230383965,-73.83860759599327]
[40.7077950077631,-74.014802078108]
[40.72559290253835,-73.99308563446316]
[40.49046144578314,-74.43454819277112]
[40.6928974383994,-73.96832712856792]
[40.71739324179746,-73.96179466833124]
[41.01661210191082,-73.64199554140127]
[40.68797459807074,-73.91495034451084]
[40.73071789473685,-73.64179210526316]
[40.79197553956834,-73.65806690647483]
[40.769494837059526,-73.96019306555493]
[40.77053641073951,-73.9119862458785]
[40.79709041891333,-73.96901101202825]
[40.74670261437907,-74.2383111111111]
[40.70508683406849,-73.92224658975228]
[40.75926722611907,-73.97362067050778]
[40.92360849999999,-73.76871449999999]
[40.692591524371245,-73.94994368208633]
[41.05218450704225,-74.08002394366196]
[40.858475834084764,-73.92775220919746]
[40.828258681672025,-73.92433721864953]
[40.81581550387597,-74.1485480620155]
[40.62405372945639,-73.92310265486731]
[40.69486151999992,-73.93240732000012]
[40.69689583333333,-74.55267916666665]
[40.73457266149888,-73.97878256330752]
[40.586030769230774,-74.28135897435897]
[41.03247282051284,-73.76909230769233]
[40.6951260683761,-74.09333205128208]
[40.79466048824589,-73.92366112115732]
[40.72565550984886,-73.98069553832747]
[40.64111269487754,-73.89269710467705]
[40.726756309904175,-73.85730399361026]
[41.29645000000001,-72.95912]
[40.771136942121984,-73.99043939624326]
[40.74614111111113,-73.70572851851848]
[40.768360756118376,-73.9667995143321]
[40.68935249631685,-73.98761625470594]
[40.75184162805694,-73.97929310419134]
[40.68594073183765,-73.96079797008551]
[40.74436116707491,-73.99094670569072]
[40.742505084745815,-73.91853793381763]
[40.758349899132995,-73.97895720516891]
[40.6669958664547,-73.89322877583466]
[40.9516,-72.27013333333332]
[40.70952908599347,-74.00601962323353]
[40.79574705882354,-74.47807647058823]
[40.703776547515055,-73.98851323452485]
[40.75576140302978,-73.99918955916486]
[40.82090587499996,-73.9451524583333]
[40.79378262910799,-74.06832676056338]
[40.65828585409251,-73.92337829181493]
[40.93737248062015,-73.83366550387595]
[40.81715054945056,-73.4854197802198]
[40.62446904047978,-74.02755014992499]
[40.70578276651405,-73.93776736429022]
[40.72182862592603,-74.00929127723575]
[40.67598554092431,-73.98584797314751]
[40.4252875,-74.21033750000001]
[40.71556568835749,-74.01203022227297]
[40.7308992,-74.29240800000002]
[40.577230769230766,-74.62955000000001]
[40.77616641465553,-73.94751581855209]
[40.85025414847162,-73.83405109170305]
[40.785873306122525,-73.95220220408162]
[41.05618729281768,-73.53155966850827]
[40.97495151515152,-74.19688787878788]
[40.17738235294117,-74.04608823529412]
[40.85151686746989,-74.19270481927713]
[40.730129181294515,-73.98680678275538]
[40.75656541869469,-73.99044615000636]
[40.3517,-74.06125714285714]
[40.735885082872244,-74.00720540420325]
[40.895421710526314,-73.85048092105264]
[40.27483333333333,-74.37691666666666]
[40.83025268817206,-73.86126881720425]
[40.64598595539482,-73.9721393007836]
[40.86878064516128,-73.40688387096775]
[40.705500296962434,-74.00972459697937]
[40.84249362934364,-73.94323861003856]
[40.54785555555555,-74.51684444444444]
[40.72616453900709,-74.3598624113475]
[40.56648214285714,-74.15973214285714]
[40.64660000000001,-73.69257857142857]
[40.647838333333354,-74.00817434782607]
[40.743142576209685,-73.98330684289071]
[40.684202617615796,-73.97612421294649]
[40.738301570396125,-73.98873180887894]
[40.74148858468774,-74.00541718008208]
[40.78971977675646,-73.97675994747216]
[40.92749829059827,-74.05582564102566]
[40.89042028985509,-73.90421528985514]
[40.72083746192884,-74.03983448392557]
[40.781187499999994,-74.41483888888888]
[40.74085745797296,-73.99649140025222]
[40.682123936508,-73.99796590476207]
[40.67317580645161,-73.7474270967742]
[40.72448256912848,-73.94589376968841]
[40.225575,-74.58452499999999]
[40.808241832669296,-73.96295525589959]
[41.04833529411764,-73.58618823529413]
[40.58148971553613,-73.97716520787748]
[40.77211739130434,-73.53082536231886]
[42.1166,-72.0666]
[40.71151882022473,-73.74392471910114]
[41.230025,-73.71441666666665]
[40.76325367214736,-73.97108353923525]
[40.74589683808203,-73.9540521542737]
[40.75558981812635,-73.98423240012309]
[41.51893333333334,-72.81516666666666]
[40.72046005936678,-73.95594351912914]
[40.76763888166454,-73.98312296336022]
[40.77165360784327,-73.88616399999964]
[40.614766666666675,-74.08341904761905]
[40.97075178571428,-74.11051964285714]
[40.78067429378534,-73.98338450363205]
[40.64810147058823,-73.62338823529412]
[40.67534959221255,-73.96488737174408]
[40.719204836526686,-74.00411629529417]
[40.66879833333333,-74.23703083333334]
[40.65395151515151,-74.41208787878789]
[40.65743345421571,-73.95350806890296]
[40.66855943396226,-73.83703207547167]
[40.69717664160401,-73.98181172932335]
[40.78739176280095,-73.96965699251135]
[40.99767462686567,-73.70648507462688]
[40.762570189701904,-73.77213333333334]
[40.74528153200423,-73.88804984260236]
[40.87013255395684,-73.87644999999999]
[40.89455,-72.7338]
[40.717979674796744,-73.82949372822299]
[41.26639999999999,-74.16886666666666]
[40.80562409782292,-73.95038225469725]
[40.68888235294117,-73.52590784313726]
[40.72660534658496,-74.00112938328265]
[40.71173203553181,-73.95225964845959]
[40.73144572938073,-73.95586313472252]
[40.67025797101449,-73.7957014492754]
[40.663899383667164,-73.98765808936835]
[40.905205555555554,-74.26098333333333]
[40.715084506089234,-73.9424255751015]
[41.154053125000004,-73.25005000000002]
[40.81117439024392,-74.22928780487804]
[40.780569162851506,-73.9570564639199]
[40.62872582781457,-73.95751044885952]
[40.73966116726439,-74.03458607760014]
[40.7616389967344,-73.9624429608127]
[40.745649264516224,-73.97527132043068]
[40.77424839586736,-73.98070027188677]
[40.6268126984127,-74.142473015873]
[40.832666666666675,-73.61106933333335]
[40.72836344251809,-74.00665162491941]
[40.7672217136775,-73.95385984566248]
[40.781285136059054,-73.97606636127436]
[40.891793831168826,-73.97038506493504]
[40.72202652683538,-73.99822460209752]
[40.76389592912787,-73.97806827854829]
[40.339296226415094,-74.64929811320756]
[40.651590909090906,-74.32972121212121]
[40.824600273972635,-73.8963197260274]
[40.78062681564246,-74.02682383612662]
[41.07106603773584,-73.69947264150946]
[40.73583715277777,-73.60191527777778]
[40.73672376681614,-74.16672406576978]
[40.75029818842565,-73.99338929621076]
[40.67789634146338,-73.93513577235767]
[40.762045993163696,-73.92470949487274]
[40.711335362668414,-73.96437156921833]
[40.67483909819049,-73.95150213586473]
[40.69666857142859,-73.8137006122449]
[40.753715959758715,-73.97343599093149]
[40.74819489757915,-73.93940011173187]
[40.775316167394585,-73.96230947614062]
[40.682762567811935,-73.86302386980108]
[40.74938083913485,-73.98549711662882]
[40.76955594545665,-73.86424534185095]
[40.5995969037657,-73.9583193305439]
[40.88288169014084,-74.12019718309858]
[40.82151756756757,-74.09718851351354]
[41.02562580645162,-73.88363225806454]
[40.86366616161618,-74.05044393939396]
[40.67641064228797,-74.01299634317863]
[40.53048571428572,-74.31818690476189]
[40.75650827067663,-73.96743113762676]
[40.644379067037946,-73.78953871204354]
[40.72582692967409,-74.06634082332758]
[40.857394459833806,-73.89143781163432]
[40.98148976377953,-73.7862535433071]
[40.7586340425532,-73.27223829787233]
[41.287283333333335,-73.89221666666666]
[40.80622333333334,-74.32910666666666]
[40.69622608695652,-73.68397717391306]
[40.61277219251336,-73.73582459893048]
[41.07423008849558,-73.83238672566372]
