KMeans Run-Time: 5.9654406314s
Cost: 5.8466192843819424
[40.719381871345114,-73.99637285743076]
[40.76998544140427,-73.98244708311815]
[40.71971476510069,-73.94265340364326]
[40.69173695290852,-74.17965407202216]
[40.70709532312915,-74.00846653061211]
[41.027516,-73.61747200000002]
[40.64593341314742,-73.78123352198564]
[40.79805,-73.67617500000001]
[40.744358065934016,-73.9756903736264]
[40.72460285848907,-73.99622274226472]
[40.79336666666667,-74.47726666666667]
[40.76948327895605,-73.86409694127231]
[40.67306839577332,-73.95913746397693]
[40.66074838709677,-73.63486451612903]
[40.82887105788425,-73.92518742514972]
[40.705821625163836,-73.91904456094365]
[40.550533333333334,-74.29961666666665]
[40.77404957305505,-73.96238951612895]
[40.853293939393936,-73.45398787878788]
[40.75033971671379,-73.99345909348452]
[40.83145833333333,-73.81878333333334]
[40.73734099027168,-73.98864069986953]
[40.638659999999994,-73.89806521739133]
[40.93597575757576,-73.7611696969697]
[40.61723271028036,-74.00084953271029]
[40.657774308300404,-73.95316047430832]
[40.72392953216376,-73.85721198830412]
[40.811294444444435,-74.2222185185185]
[40.75512396907216,-73.8462100515464]
[40.72050629139072,-74.04526589403977]
[40.86081428571428,-74.17172857142857]
[40.73576332459603,-74.0071687418087]
[40.76907606837607,-73.91456593406598]
[40.67740875,-73.77087625000001]
[40.6765194040194,-73.98617283437288]
[40.75733871836293,-73.99956295099621]
[40.60891851851852,-73.73762962962964]
[40.79655875,-74.06102500000001]
[40.87661854838709,-73.91151048387096]
[40.80694570082451,-73.96318303886925]
[40.660587500000005,-74.33193125]
[40.6783590909091,-73.86779848484848]
[40.184322222222214,-74.03037777777777]
[40.325133333333326,-74.63570666666666]
[40.72116294947663,-74.00901219845251]
[40.79258518518519,-74.1607]
[40.67698697318012,-74.01365146871008]
[40.74331836734693,-74.24395306122449]
[40.737779629629635,-73.59935740740741]
[41.128212500000004,-73.8154375]
[40.929019999999994,-74.26633333333334]
[40.76208956600354,-73.97217274864387]
[40.8785475,-74.0488425]
[41.07203333333333,-73.69886666666666]
[40.7349944,-74.0614368]
[40.752251691896674,-73.97666954585922]
[40.69189980582525,-73.96901864077671]
[40.60541308411214,-73.96653691588786]
[40.67661704225352,-73.94414704225349]
[40.93497619047619,-73.83878253968253]
[40.644847382920126,-73.97013719008265]
[40.818633333333324,-73.11778333333332]
[40.64917115384615,-74.00756442307694]
[40.625912745098034,-74.02835882352944]
[40.59115,-73.63914999999999]
[40.77852365122613,-73.98139182561312]
[40.74144360655735,-73.89182426229507]
[40.727475,-73.3075]
[40.76780789473683,-73.82369736842111]
[40.74128440969118,-74.00545303460028]
[40.8089,-72.6419]
[40.66480039603958,-73.99118277227728]
[40.714277725453336,-73.96176453967509]
[41.147324999999995,-73.27533333333332]
[40.8237688888889,-73.94754020202016]
[40.68431121147717,-73.97678926673763]
[40.7961193154034,-73.93506821515896]
[40.78554285714286,-74.40353809523809]
[40.748381605646166,-74.0049401411556]
[40.65718043478261,-73.83819782608694]
[40.744895646551754,-74.03133038793098]
[40.67057450980391,-73.7338137254902]
[41.0282,-73.7676769230769]
[40.644733497536926,-73.78965732758608]
[40.424566666666664,-74.2041]
[41.05250348837209,-73.5413151162791]
[40.713545454545454,-73.74423636363635]
[40.807890697674424,-73.62179302325582]
[41.04414583333333,-74.09629166666666]
[40.72103717363521,-73.98825340514877]
[40.50121599999999,-74.462788]
[40.728054649897196,-73.99090515177194]
[40.72098332004781,-74.00297465125549]
[40.75223277419355,-73.9250821935484]
[40.76088693548387,-73.98742842741946]
[40.279399999999995,-74.18506666666667]
[40.759902011263044,-73.96363185840715]
[40.75321363636364,-73.43836363636363]
[40.79291739130434,-74.28596086956522]
[40.67020708661417,-73.80035354330708]
[40.7461892318737,-73.94953000717878]
[40.72282380952381,-74.31380476190475]
[40.743977685459974,-73.98987574678546]
[40.6939074427481,-73.9954214694656]
[40.75584149949332,-73.97088403242141]
[40.69275861618799,-73.94913133159268]
[40.71939685534592,-73.79132830188681]
[40.73414992659517,-74.00127516657244]
[40.70089795918367,-74.09139591836734]
[40.72825966277576,-74.00096999027251]
[40.66495418994414,-73.89189273743021]
[40.99358,-73.6691709090909]
[40.74222439088303,-73.98333806654446]
[40.71154874041619,-73.94910706462208]
[40.69127194092829,-73.90889556962024]
[40.71141445952272,-74.01514431445949]
[40.759101544175,-73.9777866692731]
[40.78447894736842,-73.73455]
[40.85869406392694,-73.88867397260275]
[40.702150766016636,-73.98799603064074]
[40.76275043073338,-73.98311275902209]
[40.76853218527315,-73.95571128266033]
[40.72875762786593,-74.00616856260996]
[41.01344347826087,-73.87873913043478]
[40.73270819672132,-73.63963442622949]
[41.3469,-73.9544]
[40.85081578947368,-73.97803684210524]
[40.78602972972974,-73.52901891891892]
[40.591517977528085,-73.93894269662921]
[40.676808501594046,-73.97134643995747]
[40.777989424083735,-73.9556216753926]
[40.91618235294118,-73.96944411764707]
[40.73184194844332,-73.98167750251096]
[40.76405125595504,-73.97752299696849]
[40.645320000000005,-74.43189]
[40.733960610405454,-73.9941860917657]
[40.8106703971119,-73.94144945848373]
[40.71586803772586,-74.00924972491474]
[41.3104,-72.9337]
[40.60261,-74.11774999999999]
[40.68879124709525,-73.98750588690942]
[41.226240000000004,-73.69196]
[40.85869251968505,-73.93007834645667]
[40.58330186915886,-73.97533644859811]
[40.63099635036496,-73.95412627737224]
[40.77420681596882,-73.94693495618306]
[40.68548943731491,-73.96026071076007]
[40.78549333333329,-73.95158268398269]
[40.72759333333333,-74.15225000000001]
[41.10378695652174,-73.42526521739131]
[40.723877086137264,-73.95593519515472]
[41.07308235294118,-73.84858823529412]
[40.712477368421055,-73.82179473684212]
[40.72175536105034,-74.03496455142232]
[40.77354097169085,-73.87388041315984]
[40.88411916666667,-73.84653666666668]
[40.842041747572814,-73.85764563106794]
[40.899262500000006,-73.7904075]
[40.71878529411765,-73.6896205882353]
[41.020055000000006,-73.69911]
[40.609680000000004,-74.61288]
[40.677800000000005,-73.45435]
[40.941826666666664,-74.09709666666666]
[40.736801449275355,-74.16935724637682]
[40.9556652173913,-73.71697826086955]
[40.75573563448374,-73.98286581624157]
[40.682601204819285,-73.83524457831325]
[40.77673012048193,-74.01683132530123]
[40.725056886840754,-73.98213397337443]
[40.78556309167166,-73.97583163571008]
[40.862116666666665,-74.44534999999999]
[40.68545714285715,-73.54072857142857]
[40.76102814371264,-73.99418108488905]
[40.974958620689655,-73.80433793103448]
[40.66259008498583,-73.9246994334278]
[40.842247138047135,-73.94036498316497]
[40.94479130434782,-73.89139565217391]
[40.66510615141953,-73.98085899053628]
[40.831211999999994,-74.109258]
[40.761620430107534,-73.77791612903226]
[40.79505094130677,-73.97055636766335]
[40.65418333333333,-73.69520555555555]
[40.88886740740741,-73.89567925925927]
[40.662224137931034,-74.24014482758622]
[40.62659833333333,-73.92506444444443]
[40.82523423423422,-73.89813423423422]
[40.755745553359574,-73.98857900197623]
[40.769915509693526,-73.99060581613519]
[40.804680890973025,-73.95186705744429]
[40.71537126315787,-73.99012826315801]
[40.72274848484849,-74.36206060606061]
[40.76649134284301,-73.96636955238561]
[40.47658571428571,-74.38207142857144]
[40.74943708010328,-73.9850415374677]
[40.7036232857143,-73.93339692857137]
[40.68690086083211,-73.92868737446202]
[40.7570975609756,-73.71059512195121]
[40.37424,-74.03442]
[40.68180478991597,-73.99816420168065]
[40.741422271500255,-73.99607765136922]
