KMeans Run-Time: 6.8151826132s
Cost: 5.754934733983977
[40.75575058451035,-73.96968044325376]
[40.64666403162056,-73.78987737154155]
[40.67625491591203,-73.98605756791729]
[40.74040381998407,-74.00593424377914]
[40.84233029411766,-73.94251441176469]
[40.72360033523968,-73.99794701242352]
[40.769525030674934,-73.86410204498966]
[40.73179699170125,-73.95625072614108]
[40.658788461538464,-74.23773461538462]
[41.03518387096774,-73.86675806451612]
[40.71207777777778,-73.74446666666665]
[40.69178834254137,-74.17960226519335]
[41.11593333333333,-73.39870555555555]
[40.64594161616155,-73.77686636363617]
[40.85156176470588,-73.45435588235294]
[40.76331061426579,-73.97799883954828]
[40.705127659574465,-74.3540829787234]
[40.6780874183006,-73.93734591503264]
[40.742692682926894,-73.98250817073183]
[40.90403833333333,-73.86275833333332]
[40.649647076923074,-74.00725415384618]
[40.58284590163933,-73.96390081967212]
[40.739374576271196,-74.16623389830508]
[40.80190751879698,-73.92421578947368]
[40.325133333333326,-74.63570666666666]
[40.73978594182825,-74.03303483379501]
[40.79023885918006,-73.97363618538324]
[40.68395593812379,-73.97673308383243]
[41.14415,-73.26065000000001]
[40.9936393939394,-73.67343484848485]
[40.6772537414966,-73.86685918367347]
[40.788548148148145,-74.41232962962962]
[40.784232942798056,-73.95114934527916]
[40.77824988439304,-73.95808115606938]
[40.78602972972974,-73.52901891891892]
[40.70640900248811,-74.01136851391072]
[40.70506517285532,-73.92114571062741]
[40.68636155172413,-73.91943775862066]
[40.733974667524656,-73.99820158730137]
[40.80864285714286,-73.62184047619047]
[40.746816822429906,-73.9532225634179]
[40.88750773809524,-73.90577619047617]
[40.730240537215536,-73.9871982161165]
[40.67697339218164,-74.01353354350564]
[40.773642547425496,-73.91143170731706]
[40.6112358490566,-73.99982641509435]
[40.75900128401684,-73.9895876581066]
[40.741134452926346,-73.99980681933842]
[40.769569113149856,-73.88621284403668]
[40.744861005025236,-74.00695396984923]
[40.72580286694933,-73.99180092872993]
[40.684367517814714,-73.99764744655582]
[40.703240544518046,-73.93363075791022]
[41.069520000000004,-74.1281]
[40.184322222222214,-74.03037777777777]
[40.9433340909091,-73.7404681818182]
[40.713288776119384,-73.96243513432825]
[40.63120204918034,-73.95108319672133]
[40.719819444444425,-74.04533871527781]
[40.691663976083696,-73.94519103139012]
[40.763866239687324,-73.97047698653941]
[40.81174769230769,-74.22882615384614]
[40.80572005703426,-73.9640911596958]
[40.820958271236954,-73.94565171385987]
[40.96425555555556,-74.13620555555556]
[40.70096357793247,-73.98958976968406]
[40.66133388704318,-73.9252700996678]
[40.7357140989542,-73.99222588495591]
[40.85941408450706,-73.92779436619716]
[40.941036206896555,-73.83799137931035]
[40.556954545454545,-74.30089999999998]
[40.89812790697675,-74.05805581395349]
[40.72164666666667,-73.78989851851854]
[40.73324930348265,-74.00744771144264]
[40.72014225080382,-73.95680263665604]
[40.745816251154274,-73.98775921052635]
[40.77213188943898,-73.95209905115509]
[40.7536438,-74.02874839999996]
[40.718407919463054,-74.00032719463081]
[40.88444038461538,-73.98092692307694]
[40.72768571428571,-73.29834285714286]
[40.70912201027145,-74.00592057960363]
[40.78549264705883,-73.81981470588235]
[40.70680827586207,-73.81074413793104]
[40.857025,-74.17302857142856]
[40.508684375,-74.46988125]
[40.79992058823529,-74.48443529411765]
[40.740808750000014,-73.8917875]
[40.72883054019573,-74.00174517226716]
[40.7164880733945,-73.84147385321101]
[40.80048918918919,-73.67614054054054]
[40.75376616954461,-73.98697684458382]
[40.75375436525592,-73.97657229398652]
[40.63930666666667,-73.89665750000003]
[40.7183,-73.69046176470589]
[40.64592490994716,-73.78243740648422]
[40.82575714285714,-74.08006507936508]
[40.84165445544554,-73.85779306930691]
[40.64227272727273,-74.44387272727273]
[40.75721103393826,-73.98267415943184]
[41.3104,-72.9337]
[40.67673562300324,-73.96813929712462]
[40.77070301932363,-73.99169172705322]
[40.72707991452993,-73.86442820512822]
[40.77394788793095,-73.87238258620692]
[40.62592334384858,-74.02777697160887]
[40.68767464655984,-73.9578689915174]
[40.66661481481481,-73.72642222222221]
[41.226240000000004,-73.69196]
[40.7384446514963,-73.98774311055394]
[40.7628872113676,-73.98493358792196]
[40.818633333333324,-73.11778333333332]
[40.944753846153844,-73.9187]
[40.3517,-74.06125714285714]
[40.830642857142855,-73.81862142857143]
[40.82830270270271,-74.13585675675675]
[40.74823289256198,-73.94009752066111]
[40.7331733372572,-73.97881824602709]
[40.725108857315554,-73.9814099455866]
[40.742877944280366,-73.99296766568177]
[40.675354545454546,-73.51843636363637]
[40.71059117647059,-73.94874534313725]
[40.66455355086372,-73.9852133397313]
[40.78046956521739,-73.7336456521739]
[40.76037494773524,-73.99744216027894]
[41.01652666666667,-74.05069999999999]
[40.71492647754139,-74.01396179669017]
[41.10792142857144,-73.82609285714287]
[40.668412605042015,-73.80025714285715]
[41.07687777777778,-73.47977777777777]
[40.60569174311928,-73.96773348623853]
[40.76142011516312,-73.9625369673705]
[40.80579453197403,-73.95026932344753]
[40.750745859680734,-73.98227437518837]
[40.7197870521173,-73.94387719869702]
[40.42502222222222,-74.28276666666666]
[40.758182236842096,-73.82445657894739]
[41.04954375,-73.54276875000002]
[40.8089,-72.6419]
[40.7492,-74.31404166666667]
[40.7703821110844,-73.98241274344788]
[40.71935652173912,-73.58530434782608]
[40.74603450269851,-73.97527235929067]
[40.76151935483871,-73.92808225806452]
[41.0522303030303,-73.7027090909091]
[40.780476440988124,-73.9796392497713]
[40.721539013452926,-74.03491278026905]
[40.649991666666665,-73.64968055555555]
[40.75038602218689,-74.00320852614898]
[40.72867247448979,-73.99386545918377]
[40.60746538461539,-73.73598846153847]
[40.72746607142857,-73.64131607142855]
[40.68955118961786,-73.98798305695748]
[40.75927335745572,-73.97461222624268]
[40.86265697674419,-73.88836627906979]
[40.97471,-73.80314666666668]
[40.69941895424839,-73.90510882352942]
[40.601579120879116,-73.92824505494507]
[40.70089795918367,-74.09139591836734]
[41.0282,-73.7676769230769]
[40.641524092409284,-73.7892963696369]
[41.027516,-73.61747200000002]
[41.1478,-73.4926]
[40.71826898087089,-74.00838378957779]
[40.7449625,-73.43400833333332]
[40.82920447154474,-73.92538048780493]
[41.3469,-73.9544]
[40.67292367424245,-73.95517376893937]
[40.631725333333335,-73.92505533333332]
[40.75285609756097,-74.23917804878049]
[40.757041666666666,-73.70359444444445]
[40.827899999999985,-73.89706460176991]
[40.734166510067084,-74.0025295973154]
[40.75925795454546,-73.77599999999998]
[40.7887696969697,-74.04944090909092]
[40.64203988269795,-73.97183695014662]
[40.70880833333334,-74.27597916666666]
[40.75523324538258,-73.84713007915566]
[40.60261,-74.11774999999999]
[41.1181,-73.56207500000001]
[40.71543204449151,-73.99047044491543]
[40.79797775175643,-73.93836744730679]
[40.63495,-73.5846]
[40.748777272727274,-73.60882272727272]
[40.75073684210519,-73.99348242447284]
[40.675744047619055,-73.76913095238098]
[40.69145051162792,-73.96917683720932]
[40.73510743801652,-74.06237768595041]
[40.66715277777779,-73.89445222222227]
[40.66869611650485,-73.83560097087378]
[40.771771970624194,-73.96263839249279]
[40.76254210526317,-73.91621622807023]
[40.720824849315015,-73.993957671233]
[40.65594748062017,-73.95491356589149]
[40.876033695652175,-73.83879239130435]
[40.9256125,-74.26423125000001]
[40.74270956175298,-73.91931155378487]
[40.720796693344596,-73.98730791912391]
[40.72425646011248,-74.00601043067401]
[40.907965853658546,-73.78588780487806]
