KMeans Run-Time: 6.1951160172s
Cost: 6.03987562343268
[40.68550938775511,-73.96047846938772]
[40.64607457457451,-73.77679319319301]
[40.719416582842385,-73.98892543468905]
[40.76238983372922,-73.9969701662708]
[40.74114382871536,-74.04073551637278]
[40.8089,-72.6419]
[40.77396204222309,-73.87238901335634]
[41.00528275862068,-73.8766068965517]
[40.72774826529203,-74.00057040546201]
[40.75705281881796,-73.98104035769832]
[40.69429901610016,-74.17807495527721]
[40.743268686868674,-73.92363670033671]
[41.05250348837209,-73.5413151162791]
[40.8001875,-74.46355]
[40.82837812500002,-73.94535386029409]
[40.727475,-73.3075]
[40.72124325581393,-73.95547525581385]
[40.70947674418605,-74.08595348837208]
[41.09072400000001,-73.83798]
[40.85397352941177,-74.16864117647059]
[40.49101034482759,-74.43613448275862]
[40.73640368681121,-73.99108492334976]
[40.86661176470589,-74.05697941176471]
[40.7926067811159,-73.97206077253216]
[40.652084210526304,-73.65020789473685]
[40.66783888888889,-73.55521666666665]
[40.72421763756925,-74.00605043914658]
[40.77812593643584,-73.95631356413165]
[41.10168846153846,-73.69753846153847]
[40.67697339218164,-74.01353354350564]
[40.732514617414246,-73.97933366754617]
[40.79418888888888,-73.54227499999999]
[40.88346796875,-73.84461562499999]
[40.954,-73.7266448275862]
[40.74474423126131,-74.0070469941161]
[40.70941221252972,-74.00567648691495]
[40.68778974789919,-73.91475378151262]
[40.561355,-74.30362]
[40.778014067995294,-73.98780269636579]
[40.880974180327854,-73.9020131147541]
[40.325133333333326,-74.63570666666666]
[40.76651297662972,-73.96740904059044]
[40.740252932098414,-74.00552872942367]
[40.675754108391644,-73.96916083916085]
[40.81186831999999,-73.94350815999998]
[40.83657803030303,-73.83796969696971]
[40.7634218172904,-73.9779103448277]
[40.906453488372094,-73.97041627906975]
[40.184322222222214,-74.03037777777777]
[40.72052052941871,-73.99745354294282]
[40.69467407407407,-73.80725333333335]
[40.59425,-74.56227]
[40.85148021582735,-73.88678561151083]
[40.74430694444446,-73.89405416666668]
[40.64969999999998,-74.00729104938274]
[40.60420810810811,-73.91337837837838]
[40.73471846153846,-73.69098461538462]
[40.630407975460116,-73.92608159509201]
[40.76933527653216,-73.91318161434982]
[40.666208092485554,-73.89123757225438]
[40.62587973856209,-74.02814215686278]
[40.664388822355285,-73.98559211576848]
[40.71194263285023,-73.96467059178737]
[40.76677239583333,-73.82389895833337]
[40.67893970588236,-73.86584338235292]
[40.719815936952706,-74.045226619965]
[40.723048148148145,-73.79572063492064]
[40.70102896995703,-73.98958299356231]
[40.75705394495412,-74.02693119266058]
[40.37424,-74.03442]
[40.75029680891957,-73.99312618223769]
[40.79954603174603,-73.63772698412699]
[40.94450000000001,-73.83247142857141]
[40.72441697437308,-73.98177147974664]
[40.74771583264974,-73.94850401968827]
[40.75515382506157,-73.97062029064973]
[40.96425555555556,-74.13620555555556]
[40.66989230769231,-74.10364615384614]
[40.71837445255475,-73.84333503649634]
[40.465628571428574,-74.24724285714287]
[40.279399999999995,-74.18506666666667]
[40.80449494584838,-73.95191564380261]
[40.60638088235293,-73.96724607843137]
[40.7365196969697,-74.16810075757576]
[40.740570034489956,-73.98507117062297]
[40.71240598221505,-73.95732700080838]
[40.769461898395676,-73.95479799465238]
[40.68407495009984,-73.97673083832346]
[40.738065517241374,-74.32044482758621]
[40.72673993231817,-73.99306452340663]
[40.7153953598485,-74.01332007575742]
[40.682332051282046,-73.76218461538463]
[40.7640235725938,-73.96049983686791]
[40.658036470588236,-73.94602901960783]
[40.693730442804416,-73.93490498154982]
[40.76979179331307,-73.88646382978722]
[40.689608231925526,-73.98809813886902]
[40.71474880952381,-73.74406547619046]
[40.708639156626504,-73.9002108433735]
[40.74367314347517,-73.99050158615727]
[40.73188045977012,-74.06527356321838]
[40.74407236792095,-73.9768358038769]
[40.715809575923416,-73.9430021887825]
[40.732338797814215,-73.95656262295083]
[40.64509908925318,-73.79004523375825]
[40.65497291666665,-73.95952321428571]
[40.77620305084745,-73.9482144915254]
[40.68433582089551,-73.99766370149253]
[41.15995833333333,-73.23999999999998]
[40.77482499999999,-73.08879999999999]
[40.749526418988516,-74.00363701410396]
[40.644857661926956,-73.7822222353872]
[40.758809516319275,-73.98975863153751]
[40.7737395803529,-73.96249656652354]
[40.91703846153846,-74.06151538461539]
[40.82805460992909,-73.92287996453902]
[41.0255,-74.05132307692308]
[40.84054444444443,-73.98115714285714]
[40.87912142857143,-73.42817857142857]
[40.75161909748192,-73.97678067813509]
[40.69189188660802,-73.96915083088955]
[40.73508333333332,-74.26869583333333]
[40.677130000000005,-74.26198500000001]
[40.65504761904762,-74.37425238095238]
[40.61679999999999,-74.00146213592234]
[40.75900917431195,-73.96519949958297]
[40.74165247570582,-73.99738019435448]
[40.711748991121894,-73.94970960451973]
[40.85457535885168,-73.93303468899519]
[40.769544421741,-73.86408941561083]
[40.728515763546795,-73.86917832512314]
[40.919613846153844,-73.77763384615386]
[40.786022577519354,-73.95197063953489]
[40.74899258649093,-74.03128451400333]
[40.66185104895103,-73.92298251748252]
[40.7324546879579,-74.00601292118374]
[40.59122543859649,-73.9472798245614]
[40.67626411917099,-73.98606612694307]
[40.79703574660631,-73.93488348416291]
[40.72998924391604,-73.9874976778747]
[40.7084351462288,-74.01369543355567]
[40.66511702127659,-73.72140638297873]
[40.70129919093851,-73.92737216828479]
[40.68762711370264,-74.18216778425663]
[41.02220491803278,-73.77160819672132]
[40.785500000000006,-74.166816]
[40.78254540564775,-73.97768467055135]
[40.73376761904761,-73.6186485714286]
[40.72467869481763,-73.9441971209213]
[40.75545194428323,-73.99860777713296]
[40.673061318051595,-73.95523467048707]
[40.929019999999994,-74.26633333333334]
[40.77046757784644,-73.98225545519364]
[40.774203921568635,-73.72941960784314]
[40.73415627666745,-74.0001454188188]
[40.7649827586207,-73.77792183908045]
[40.820114814814815,-73.47010370370369]
[40.90625,-73.17575]
[40.81090952380952,-73.70354285714285]
[40.64938382867128,-73.78335078671333]
[40.60891851851852,-73.73762962962964]
[40.73103684210526,-74.21527368421053]
[40.73248,-73.447984]
[40.63945213675214,-73.89693247863252]
[40.668286538461544,-73.83484423076922]
[41.027516,-73.61747200000002]
[41.00026447368422,-73.6773605263158]
[40.583467816091954,-73.97911839080459]
[40.817553571428576,-74.23263035714285]
[40.7674843927648,-73.9898998449612]
[40.7488657496849,-73.98486556068877]
[40.760563922155676,-73.92648188622753]
[40.806103954214386,-73.96336233090531]
[40.59995555555555,-74.11491666666666]
[40.76229713518345,-73.9844408594451]
[40.828412244897955,-74.11335714285714]
[40.7428675,-74.370695]
[40.64194939024391,-73.97206402439024]
[40.79596375,-74.06077250000003]
[41.069520000000004,-74.1281]
[40.75520494995433,-73.98557643312132]
[41.10607916666666,-73.42245]
[41.3469,-73.9544]
[40.75506352040816,-73.84681428571427]
[40.91919333333334,-73.89157777777778]
[40.70540207836462,-74.00988214650764]
[40.738412340425555,-74.03049319148934]
[40.77091851851851,-74.23566666666666]
[40.691151225806436,-73.95001987096771]
[40.721489366515854,-74.03492194570137]
[40.644493749999995,-74.22369375000001]
[40.728175862068966,-74.1517724137931]
[40.70647035087719,-73.91901456140349]
[40.718042030769226,-73.96140621538459]
[40.71834092178786,-74.00782197392917]
[40.63135732758621,-73.95152844827588]
[40.70671971544719,-73.93706016260165]
[40.76283067938016,-73.97187046483906]
[40.758373945458075,-73.97494176966843]
[40.67804255319145,-73.93660932896888]
